name: Transverse Mercator
datum: osgb36
towgs84: 446.448,-125.157,542.060,0.1502,0.2470,0.8421,-20.4894
proj: tmerc
ellps: airy
a: 6377563.3959999997
es: 0.0066705400
f: 299.3249646000
lat_0: 49.0000000000
lon_0: -2.0000000000
k_0: 0.9996012717
x_0: 400000.0000000000
y_0: -100000.0000000000
